<?xml version="1.0" encoding="utf-8"?>
<opencv_storage>
   <camera-matrix type_id="opencv-matrix">
      <rows>3</rows>
      <cols>3</cols>
      <dt>d</dt>
      <data>1811.8797330995610082 0.0000000000000000 671.8663271520264288 
0.0000000000000000 1811.4482419431838025 361.8886447016690795 
0.0000000000000000 0.0000000000000000 1.0000000000000000 
</data>
   </camera-matrix>
   <distortion type_id="opencv-matrix">
      <rows>5</rows>
      <cols>1</cols>
      <dt>d</dt>
      <data>-0.1021817365598319 0.1915967885857321 -0.0006865525271844 0.0002570937539016 -0.0331893446788142 </data>
   </distortion>
</opencv_storage>